1083
1086
1077
1015
1093
1035
1086
1092
1049
1021
1062
1027
1090
1059
1063
1026
1040
1026
1072
1036
1011
1068
1067
1029
1082
1030
1062
1023
1067
1035
1029
1002
1022
1058
1069
1067
1093
1056
1011
1042
1029
1073
1021
1019
1084
1037
1098
1024
1015
1070
1013
1026
1091
1080
1056
1073
1062
1070
1096
1081
1005
1025
1084
1027
1036
1005
1046
1029
1013
1057
1024
1095
1082
1045
1014
1067
1034
1064
1043
1050
1087
1008
1076
1078
1088
1084
1003
1051
1054
1099
1032
1060
1076
1068
1039
1012
1026
1086
1094
1039
